0                                      0.00
0                                      0.00
0                                      0.00
4     4               4                4.00
0                                      0.00
6     6               6                6.00
0                                      0.00
0                                      0.00
0                                      0.00
0                                      0.00
0                                      0.00
0                                      0.00
0                                      0.00
0                                      0.00
0                                      0.00
0                                      0.00
0                                      0.00
0                                      0.00
0                                      0.00
0                                      0.00
0                                      0.00
0                                      0.00
0                                      0.00
0                                      0.00
0                                      0.00
0                                      0.00
0                                      0.00
0                                      0.00
0                                      0.00
0                                      0.00
0                                      0.00
0                                      0.00
0                                      0.00
0                                      0.00
0                                      0.00
0                                      0.00
0                                      0.00
0                                      0.00
0                                      0.00
0                                      0.00
0                                      0.00
0                                      0.00
0                                      0.00
0                                      0.00
0                                      0.00
0                                      0.00
0                                      0.00
0                                      0.00
0                                      0.00
0                                      0.00
0                                      0.00
0                                      0.00
0                                      0.00
0                                      0.00
0                                      0.00
0                                      0.00
0                                      0.00
0                                      0.00
0                                      0.00
0                                      0.00
0                                      0.00
0                                      0.00
0                                      0.00
0                                      0.00
0                                      0.00
0                                      0.00
0                                      0.00
0                                      0.00
0                                      0.00
0                                      0.00
0                                      0.00
0                                      0.00
0                                      0.00
0                                      0.00
0                                      0.00
0                                      0.00
0                                      0.00
0                                      0.00
0                                      0.00
0                                      0.00
0                                      0.00
0                                      0.00
0                                      0.00
0                                      0.00
0                                      0.00
0                                      0.00
0                                      0.00
0                                      0.00
0                                      0.00
0                                      0.00
0                                      0.00
0                                      0.00
0                                      0.00
0                                      0.00
0                                      0.00
0                                      0.00
0                                      0.00
0                                      0.00
0                                      0.00
0                                      0.00
