[0] 0
[1] 1
[2] 2
[3] 3
[4] 4
[5] 5
[6] 6
[7] 7
[8] 8
[9] 9
[10] 10
[11] 11
[12] 12
[13] 0
[14] 1
[15] 2
[16] 3
[17] 4
[18] 5
[19] 6
[20] 7
[21] 8
[22] 9
[23] 10
[24] 11
[25] 12
[26] 0
[27] 1
[28] 2
[29] 3
[30] 4
[31] 5
[32] 6
[33] 7
[34] 8
[35] 9
[36] 10
[37] 11
[38] 12
[39] 0
[40] 1
[41] 2
[42] 3
[43] 4
[44] 5
[45] 6
[46] 7
[47] 8
[48] 9
[49] 10
[50] 11
[51] 12
[52] 0
[53] 1
[54] 2
[55] 3
[56] 4
[57] 5
[58] 6
[59] 7
[60] 8
[61] 9
[62] 10
[63] 11
[64] 12
[65] 0
[66] 1
[67] 2
[68] 3
[69] 4
[70] 5
[71] 6
[72] 7
[73] 8
[74] 9
[75] 10
[76] 11
[77] 12
[78] 0
[79] 1
[80] 2
[81] 3
[82] 4
[83] 5
[84] 6
[85] 7
[86] 8
[87] 9
[88] 10
[89] 11
[90] 12
[91] 0
[92] 1
[93] 2
[94] 3
[95] 4
[96] 5
[97] 6
[98] 7
[99] 8
